836757
836760
837099
837100
831911
831590
82710
82784
82609
82662
78201
78202
78448
78449
77774
7836
7889
7749
7792
3675
3680
3901
3902
3206
8176
8223
8081
8127
3960
3966
4150
4151
3524
836757
836760
837099
837100
831911
831590
82710
82784
82609
82662
78201
78202
78448
78449
77774
7836
7889
7749
7792
3675
3680
3901
3902
3206
8176
8223
8081
8127
3960
3966
4150
4151
3524
836757
836760
837099
837100
831911
831590
82710
82784
82609
82662
78201
78202
78448
78449
77774
7836
7889
7749
7792
3675
3680
3901
3902
3206
8176
8223
8081
8127
3960
3966
4150
4151
3524
836757
836760
837099
837100
831911
831590
82710
82784
82609
82662
78201
78202
78448
78449
77774
7836
7889
7749
7792
3675
3680
3901
3902
3206
8176
8223
8081
8127
3960
3966
4150
4151
3524
836757
836760
837099
837100
831911
831590
82710
82784
82609
82662
78201
78202
78448
78449
77774
7836
7889
7749
7792
3675
3680
3901
3902
3206
8176
8223
8081
8127
3960
3966
4150
4151
3524
836757
836760
837099
837100
831911
831590
82710
82784
82609
82662
78201
78202
78448
78449
77774
7836
7889
7749
7792
3675
3680
3901
3902
3206
8176
8223
8081
8127
3960
3966
4150
4151
3524
