837761
837572
837330
836763
836764
836766
836767
836769
836770
831911
831603
831606
831590
82710
82784
82609
82662
82452
78205
78206
78207
78208
78211
78212
77774
7836
7889
7749
7792
3682
3683
3684
3686
3685
3688
3206
8176
8223
8081
8127
3970
3971
3972
3973
3974
3975
3524
837761
837572
837330
836763
836764
836766
836767
836769
836770
831911
831603
831606
831590
82710
82784
82609
82662
82452
78205
78206
78207
78208
78211
78212
77774
7836
7889
7749
7792
3682
3683
3684
3686
3685
3688
3206
8176
8223
8081
8127
3970
3971
3972
3973
3974
3975
3524
837761
837572
837330
836763
836764
836766
836767
836769
836770
831911
831603
831606
831590
82710
82784
82609
82662
82452
78205
78206
78207
78208
78211
78212
77774
7836
7889
7749
7792
3682
3683
3684
3686
3685
3688
3206
8176
8223
8081
8127
3970
3971
3972
3973
3974
3975
3524
837761
837572
837330
836763
836764
836766
836767
836769
836770
831911
831603
831606
831590
82710
82784
82609
82662
82452
78205
78206
78207
78208
78211
78212
77774
7836
7889
7749
7792
3682
3683
3684
3686
3685
3688
3206
8176
8223
8081
8127
3970
3971
3972
3973
3974
3975
3524
837761
837572
837330
836763
836764
836766
836767
836769
836770
831911
831603
831606
831590
82710
82784
82609
82662
82452
78205
78206
78207
78208
78211
78212
77774
7836
7889
7749
7792
3682
3683
3684
3686
3685
3688
3206
8176
8223
8081
8127
3970
3971
3972
3973
3974
3975
3524
837761
837572
837330
836763
836764
836766
836767
836769
836770
831911
831603
831606
831590
82710
82784
82609
82662
82452
78205
78206
78207
78208
78211
78212
77774
7836
7889
7749
7792
3682
3683
3684
3686
3685
3688
3206
8176
8223
8081
8127
3970
3971
3972
3973
3974
3975
3524
